route_id,service_id,trip_id,trip_headsign,direction_id,shape_id
31751,10003824,1_45018,8621,1,
31753,10003824,1_45028,8623,1,
31756,10003824,1_45023,8626,0,
31758,10003824,1_45025,8628,0,
32433,10003099,1_34891,542,0,
32434,10003099,1_34890,543,1,
32435,10003097,1_34836,546,0,
32441,10003097,1_34834,558,0,
32449,10003097,1_34818,568,0,
32469,10003821,1_44525,6125,1,
32472,10003811,1_44603,6128,0,
32472,10003812,1_44454,6128,0,
32489,10003673,1_42400,6551,1,
32497,10003812,1_44482,6716,0,
32499,10003811,1_44582,6720,0,
32499,10003812,1_44496,6720,0,
32505,10003811,1_44601,6732,0,
32512,10003812,1_44570,6747,1,
32513,10003811,1_44632,6748,0,
32580,10003812,1_44533,6752,0,
34159,10003697,1_43796,236,0,
34162,10003697,1_43809,244,0,
34164,10003697,1_43786,252,0,
34166,10003239,1_36758,259,1,
34168,10003697,1_43780,261,1,
34179,10003697,1_42747,280,0,
34205,10003874,1_45535,708,0,
34208,10003239,1_37694,951,1,
34213,10003239,1_37656,956,0,
34224,10003239,1_37674,978,0,
34242,10003811,1_44683,6022,0,
34256,10003811,1_44677,6136,0,
34258,10003811,1_44666,6500,0,
34259,10003811,1_44672,6502,0,
34260,10003812,1_44457,6503,1,
34266,10003811,1_44699,6509,1,
34267,10003811,1_44698,6510,0,
34267,10003812,1_44435,6510,0,
34268,10003811,1_44697,6511,1,
34279,10003812,1_44468,6951,1,
34281,10003812,1_44469,6953,1,
34285,10003811,1_44605,6957,1,
35231,10003824,1_44906,6312,0,
35236,10003824,1_44918,6317,1,
35238,10003824,1_44912,6319,1,
35244,10003824,1_44919,6325,1,
35251,10003824,1_44943,6618,0,
35255,10003824,1_44948,6622,0,
35261,10003824,1_44955,6630,0,
35273,10003824,1_44960,6736,0,
35274,10003824,1_44970,6739,1,
35277,10003824,1_44973,6744,0,
35287,10003824,1_44983,6955,1,
35293,10003824,1_44989,6961,1,
35304,10003824,1_45000,8317,1,
35310,10003824,1_45005,8323,1,
35311,10003824,1_45006,8324,0,
29963,10003071,1_34375,113,1,
29972,10003071,1_34125,122,0,
30020,10003697,1_43802,22,0,
30040,10003239,1_37696,238,0,
30042,10003697,1_43794,24,0,
30081,10003556,1_39405,275,1,
30093,10003804,1_44415,34,0,
30099,10003697,1_43737,40,0,
30101,10003752,1_43916,402,0,
30110,10003757,1_43929,421,1,
30124,10003587,1_40241,445,1,
30134,10003587,1_40251,454,0,
30147,10003587,1_40262,466,0,
30150,10003587,1_40266,469,1,
30152,10003587,1_40250,470,0,
30154,10003849,1_45640,472,0,
30172,10001918,1_28318,511,1,
30195,10003620,1_41629,532,0,
30199,10003866,1_45647,56,0,
30199,10003875,1_45646,56,0,
30279,10001918,1_26672,719,1,
30280,10001928,1_27976,72,0,
30286,10003587,1_40273,725,1,
30287,10003587,1_40274,726,0,
30318,10003587,1_40285,754,0,
30323,10001918,1_26676,759,1,
30328,10001918,1_26673,763,1,
30342,10003239,1_37223,776,0,
30362,10003751,1_43934,839,1,
30365,10001928,1_28128,86,0,
30376,10003884,1_45697,904,0,
30381,10003888,1_45668,909,1,
30383,10003891,1_45785,910,0,
30387,10003239,1_37399,9131,1,
30407,10001928,1_26495,93,1,
30445,10003755,1_43911,405,1,
30446,10003755,1_43901,407,1,
30475,10003665,1_42502,6074,0,
30478,10003665,1_42501,6077,1,
30485,10003664,1_42481,6105,1,
30491,10003664,1_42507,6111,1,
30541,10003772,1_44176,7063,1,
30548,10003772,1_44145,7106,0,
30860,10003849,1_45582,305,1,
30871,10003849,1_45593,317,1,
30878,10003849,1_45599,324,0,
30885,10003849,1_45606,331,1,
30887,10003849,1_45608,333,1,
30910,10003619,1_40905,621,1,
30913,10003620,1_41242,624,0,
30917,10003620,1_40951,628,0,
30925,10003620,1_40952,636,0,
30927,10003621,1_40943,638,0,
30941,10003620,1_40969,652,0,
30948,10003619,1_40929,659,1,
30951,10003621,1_40939,662,0,
30952,10003619,1_40932,663,1,
30965,10003620,1_40956,676,0,
31021,10003823,1_44708,6313,1,
31022,10003811,1_44701,6314,0,
31027,10003811,1_44653,6319,1,
31028,10003813,1_44548,6320,0,
31031,10003811,1_44657,6323,1,
31033,10003813,1_44566,6325,1,
31034,10003811,1_44669,6326,0,
31040,10003813,1_44538,6616,0,
31045,10003811,1_44646,6621,1,
31048,10003811,1_44591,6624,0,
31055,10003813,1_44450,6632,0,
31088,10003772,1_44103,7611,1,
31110,10003824,1_44922,6500,0,
31115,10003824,1_44928,6506,0,
31120,10003824,1_44932,6511,1,
31124,10003824,1_44936,6515,1,
31241,10003518,1_39975,7065,1,
31748,10003824,1_45015,8618,0,
31749,10003824,1_45016,8619,1,
31760,10003824,1_45027,8630,0,
32428,10003697,1_42744,132,0,
32429,10003697,1_42745,133,1,
32443,10003099,1_34902,561,1,
32446,10003097,1_34820,564,0,
32451,10003097,1_34822,572,0,
32463,10003097,1_34823,594,0,
32464,10003812,1_44437,6120,0,
32465,10003820,1_44526,6121,1,
32466,10003811,1_44639,6122,0,
32475,10003820,1_44527,6131,1,
32486,10003673,1_42403,6548,0,
32494,10003673,1_42395,6556,0,
32496,10003811,1_44579,6715,1,
32500,10003812,1_44495,6723,1,
32502,10003811,1_44585,6727,1,
32503,10003811,1_44586,6728,0,
32507,10003812,1_44481,6736,0,
32516,10003722,1_43339,7122,0,
32518,10003722,1_43360,7124,0,
32523,10003518,1_39989,7542,0,
34155,10003697,1_43800,229,1,
34160,10003697,1_43795,237,1,
34176,10003697,1_43774,276,0,
34189,10003239,1_37232,574,0,
34192,10003239,1_37397,579,1,
34193,10003239,1_37236,582,0,
34196,10003239,1_37393,587,1,
34200,10003874,1_45538,703,1,
34211,10003239,1_37675,954,0,
34215,10003239,1_37659,968,0,
34219,10003239,1_37663,973,1,
34233,10003337,1_37541,1020,0,
34241,10003810,1_44609,6021,1,
34242,10003810,1_44610,6022,0,
34246,10003810,1_44614,6026,0,
34249,10003810,1_44616,6029,1,
34250,10003810,1_44617,6030,0,
34257,10003811,1_44678,6137,1,
34263,10003812,1_44460,6506,0,
34265,10003812,1_44447,6508,0,
34271,10003812,1_44431,6514,0,
34272,10003811,1_44693,6515,1,
34281,10003811,1_44626,6953,1,
34282,10003811,1_44625,6954,0,
34283,10003812,1_44471,6955,1,
34286,10003811,1_44629,6958,0,
34289,10003812,1_44488,6961,1,
34333,10003239,1_38155,90,0,
34334,10003884,1_45688,930,0,
34335,10003886,1_45675,931,1,
34337,10003892,1_45755,933,1,
34339,10003896,1_45835,6901,1,
34347,10003895,1_45847,6909,1,
34348,10003896,1_45826,6910,0,
34386,10003722,1_43341,7020,0,
34388,10003722,1_43329,7022,0,
34454,10003456,1_38373,43,1,
34624,10003772,1_44175,7616,0,
35179,10003873,1_45539,6705,1,
35188,10003847,1_45556,9704,0,
35193,10003847,1_45562,9709,1,
35201,10003824,1_44874,6023,1,
35232,10003824,1_44898,6313,1,
35267,10003824,1_44963,6724,0,
35270,10003824,1_44966,6731,1,
34287,10003811,1_44604,6959,1,
34296,10003772,1_44153,7500,0,
34299,10003772,1_44156,7505,1,
34342,10003895,1_45851,6904,0,
34342,10003896,1_45832,6904,0,
34351,10003895,1_45842,6913,1,
34356,10003518,1_39994,7901,1,
34358,10003518,1_39996,7903,1,
34412,10003874,1_45567,711,1,
34427,10003475,1_38649,9182,0,
35176,10003873,1_45546,6702,0,
35181,10003873,1_45542,6707,1,
35189,10003847,1_45557,9705,1,
35195,10003847,1_45563,9711,1,
35200,10003824,1_44873,6022,0,
35204,10003824,1_44877,6026,0,
35208,10003824,1_44881,6030,0,
35237,10003824,1_44911,6318,0,
35247,10003824,1_44947,6613,1,
35259,10003824,1_44952,6626,0,
35269,10003824,1_44965,6728,0,
35272,10003824,1_44959,6735,1,
35280,10003824,1_44976,6751,1,
35281,10003824,1_44977,6752,0,
35289,10003824,1_44985,6957,1,
35302,10003824,1_44997,8315,1,
35308,10003824,1_45003,8321,1,
35313,10003824,1_45009,8326,0,
35315,10003824,1_45011,8329,1,
29950,10003239,1_37733,100,0,
29955,10003071,1_34379,105,1,
29960,10003071,1_34120,110,0,
29961,10003071,1_34376,111,1,
29967,10003071,1_34373,117,1,
29969,10003071,1_34372,119,1,
29971,10003071,1_34371,121,1,
29978,10003071,1_34083,128,0,
29983,10003697,1_42746,135,1,
29986,10003071,1_34055,152,0,
29990,10003071,1_34081,156,0,
29998,10003071,1_34107,164,0,
30002,10003071,1_34109,168,0,
30011,10003239,1_37390,177,1,
30019,10003757,1_43896,21,1,
30028,10003239,1_36785,227,1,
30077,10003239,1_36791,271,1,
30088,10003757,1_43899,29,1,
30095,10003697,1_43739,36,0,
30102,10003752,1_43917,404,0,
30107,10003757,1_43926,419,1,
30109,10003752,1_43920,420,0,
30111,10003752,1_43915,422,0,
30112,10003757,1_43912,423,1,
30118,10003697,1_43753,44,0,
30138,10003587,1_40254,458,0,
30144,10003587,1_40259,463,1,
30149,10003587,1_40264,468,0,
30157,10003849,1_45642,475,1,
30158,10003697,1_43747,48,0,
30167,10001918,1_27928,507,1,
30168,10001890,1_26322,508,0,
30177,10001890,1_26348,516,0,
30181,10003697,1_43744,52,0,
30183,10001918,1_27920,521,1,
30190,10001890,1_26318,528,0,
30191,10001918,1_27945,529,1,
30193,10001890,1_26314,530,0,
30194,10003239,1_37679,531,1,
30213,10001928,1_26517,61,1,
30282,10003587,1_40271,721,1,
30294,10001918,1_27369,732,0,
30309,10003587,1_40297,746,0,
30314,10003587,1_40284,750,0,
30317,10003575,1_39894,753,1,
30332,10001918,1_26674,767,1,
30336,10003151,1_35432,770,0,
30348,10003151,1_35428,781,1,
30359,10003751,1_43902,834,0,
30364,10001928,1_26496,85,1,
30368,10001928,1_26493,87,1,
30372,10003891,1_45772,900,0,
30373,10003893,1_45763,901,1,
30378,10003884,1_45698,906,0,
30380,10003884,1_45703,908,0,
30391,10003888,1_45662,917,1,
30392,10003891,1_45786,918,0,
30395,10003888,1_45661,919,1,
30399,10003884,1_45692,922,0,
30400,10003888,1_45659,923,1,
30405,10003884,1_45689,928,0,
30409,10001896,1_27309,9451,1,
30414,10001928,1_26489,95,1,
30437,10003239,1_37690,98,0,
30439,10003239,1_36768,99,1,
30442,10003031,1_32428,1407,1,
30467,10003665,1_42493,6066,0,
30476,10003665,1_42487,6075,1,
30486,10003664,1_42482,6106,0,
30507,10003666,1_42417,6450,0,
30509,10003666,1_42415,6452,0,
30539,10003518,1_39977,7061,1,
30540,10003518,1_39971,7062,0,
30547,10003772,1_44144,7105,1,
30550,10003772,1_44147,7442,0,
30827,10003697,1_43792,241,1,
30843,10003697,1_43783,257,1,
30859,10003849,1_45579,304,0,
30862,10003849,1_45590,307,1,
30864,10003849,1_45584,309,1,
30870,10003849,1_45601,315,1,
30875,10003849,1_45596,321,1,
30882,10003849,1_45603,328,0,
30884,10003849,1_45605,330,0,
30899,10003620,1_41243,347,1,
30901,10002026,1_29445,611,1,
30918,10003619,1_40908,629,1,
30934,10003619,1_40914,645,1,
30963,10003620,1_40955,674,0,
30964,10003619,1_40928,675,1,
30970,10003827,1_45033,687,1,
31022,10003813,1_44499,6314,0,
31023,10003811,1_44707,6315,1,
31030,10003811,1_44656,6322,0,
31030,10003813,1_44550,6322,0,
31037,10003811,1_44674,6611,1,
31040,10003811,1_44641,6616,0,
31043,10003813,1_44541,6619,1,
31046,10003813,1_44489,6622,0,
31049,10003811,1_44592,6625,1,
31049,10003813,1_44449,6625,1,
31052,10003811,1_44576,6628,0,
31113,10003824,1_44925,6504,0,
31164,10003829,1_45035,692,0,
31752,10003824,1_45020,8622,0,
31762,10003824,1_45029,8632,0,
32437,10003097,1_34856,550,0,
32444,10003097,1_34821,562,0,
32454,10003099,1_34897,577,1,
32461,10003097,1_34833,592,0,
32467,10003820,1_44516,6123,1,
32467,10003821,1_44532,6123,1,
32468,10003811,1_44589,6124,0,
32468,10003812,1_44464,6124,0,
32471,10003820,1_44531,6127,1,
32474,10003811,1_44673,6130,0,
32477,10003821,1_44521,6133,1,
32480,10003673,1_42408,6542,0,
32482,10003673,1_42407,6544,0,
32484,10003673,1_42406,6546,0,
32485,10003673,1_42404,6547,1,
32492,10003673,1_42397,6554,0,
32500,10003811,1_44583,6723,1,
32504,10003812,1_44491,6731,1,
32505,10003812,1_44497,6732,0,
32509,10003812,1_44467,6740,0,
32513,10003812,1_44569,6748,0,
32526,10003518,1_40087,7545,1,
32580,10003811,1_44637,6752,0,
34149,10003697,1_43803,219,1,
34156,10003486,1_38668,230,0,
34172,10003697,1_43777,268,0,
34178,10003239,1_36796,279,1,
34188,10003239,1_37395,553,1,
34190,10003239,1_37396,575,1,
34198,10003874,1_45568,700,0,
34201,10003874,1_45561,704,0,
34223,10003239,1_37667,977,1,
34229,10003620,1_41521,983,1,
34245,10003810,1_44613,6025,1,
34251,10003811,1_44692,6031,1,
34253,10003811,1_44705,6033,1,
34254,10003812,1_44436,6035,1,
35279,10003824,1_44975,6748,0,
35286,10003824,1_44982,6954,0,
35301,10003824,1_44996,8314,0,
35309,10003824,1_45004,8322,0,
29957,10003071,1_34378,107,1,
29973,10003071,1_34370,123,1,
29976,10003071,1_34102,126,0,
29980,10003697,1_42743,130,0,
29988,10003071,1_34057,154,0,
29996,10003071,1_34106,162,0,
30000,10003071,1_34108,166,0,
30003,10003071,1_34343,169,1,
30005,10003071,1_34355,171,1,
30006,10003071,1_34111,172,0,
30008,10003071,1_34112,174,0,
30017,10003757,1_43897,19,1,
30045,10003239,1_37668,242,0,
30055,10003239,1_36772,251,1,
30080,10003071,1_34365,274,0,
30094,10003805,1_44418,35,1,
30096,10003805,1_44419,37,1,
30097,10003697,1_43738,38,0,
30098,10003757,1_43931,39,1,
30120,10003587,1_40265,441,1,
30121,10003587,1_40238,442,0,
30126,10003587,1_40243,447,1,
30136,10003587,1_40252,456,0,
30143,10003587,1_40258,462,0,
30151,10003697,1_43748,47,1,
30165,10001918,1_27915,505,1,
30171,10001890,1_26319,510,0,
30182,10001890,1_26368,520,0,
30224,10001928,1_28133,62,0,
30257,10001928,1_26485,65,1,
30273,10001928,1_27947,70,0,
30281,10001918,1_27350,720,0,
30290,10003587,1_40275,729,1,
30293,10001918,1_26667,731,1,
30305,10003587,1_40283,742,0,
30313,10001928,1_26482,75,1,
30322,10003587,1_40286,758,0,
30345,10003239,1_37096,779,1,
30347,10003239,1_37222,780,0,
30356,10001928,1_26490,83,1,
30357,10003849,1_45644,830,0,
30360,10003751,1_43904,835,1,
30375,10003893,1_45764,903,1,
30377,10003888,1_45666,905,1,
30378,10003891,1_45783,906,0,
30382,10001928,1_26494,91,1,
30386,10003893,1_45787,913,1,
30388,10003884,1_45702,914,0,
30389,10003893,1_45762,915,1,
30395,10003893,1_45761,919,1,
30399,10003891,1_45777,922,0,
30401,10003884,1_45691,924,0,
30401,10003891,1_45776,924,0,
30403,10003891,1_45775,926,0,
30406,10003886,1_45652,929,1,
30408,10001928,1_28123,94,0,
30412,10001896,1_27668,9460,0,
30423,10003239,1_37658,959,1,
30444,10003755,1_43908,403,1,
30463,10003811,1_44704,6034,0,
30495,10003664,1_42503,6115,1,
30496,10003666,1_42409,6439,1,
30542,10003518,1_39973,7064,0,
30549,10003772,1_44160,7441,1,
30553,10003772,1_44151,7445,1,
30562,10003722,1_43397,7722,0,
30831,10003697,1_43808,245,1,
30855,10003849,1_45575,300,0,
30856,10003849,1_45576,301,1,
30890,10003849,1_45612,336,0,
30892,10003849,1_45613,338,0,
30906,10003619,1_40903,617,1,
30911,10003621,1_40948,622,0,
30919,10003621,1_40950,630,0,
30921,10003620,1_40936,632,0,
30922,10003619,1_40910,633,1,
30923,10003621,1_41011,634,0,
30924,10003619,1_40901,635,1,
30928,10003619,1_40930,639,1,
30932,10003619,1_40915,643,1,
30937,10003620,1_40968,648,0,
30942,10003619,1_40897,653,1,
30949,10003620,1_40963,660,0,
30956,10003619,1_40926,667,1,
30960,10003619,1_40927,671,1,
30969,10003617,1_40995,684,0,
31033,10003811,1_44670,6325,1,
31039,10003811,1_44664,6615,1,
31046,10003811,1_44590,6622,0,
31047,10003811,1_44661,6623,1,
31050,10003813,1_44455,6626,0,
31052,10003813,1_44452,6628,0,
31092,10003772,1_44148,7615,1,
31112,10003824,1_44924,6503,1,
31123,10003824,1_44935,6514,0,
31164,10003830,1_45036,692,0,
31743,10003824,1_45019,8613,1,
31754,10003824,1_45021,8624,0,
31755,10003824,1_45022,8625,1,
31757,10003824,1_45024,8627,1,
32432,10003239,1_37387,182,0,
32440,10003099,1_34894,555,1,
32442,10003099,1_34903,559,1,
32450,10003099,1_34899,569,1,
32452,10003099,1_34898,573,1,
32462,10003099,1_34883,593,1,
32464,10003811,1_44688,6120,0,
32476,10003811,1_44640,6132,0,
32477,10003820,1_44529,6133,1,
32490,10003673,1_42399,6552,0,
32501,10003812,1_44494,6724,0,
32509,10003811,1_44628,6740,0,
32525,10003518,1_39991,7544,0,
32579,10003811,1_44631,6751,1,
32692,10003824,1_44921,6329,1,
32694,10003824,1_44953,6627,1,
33542,10002166,1_31336,714,0,
34152,10003239,1_36652,224,0,
34153,10003697,1_43804,225,1,
34167,10003697,1_43781,260,0,
34173,10003697,1_43776,269,1,
34194,10003239,1_37398,583,1,
34204,10003874,1_45534,707,1,
34214,10003239,1_37657,957,1,
34221,10003239,1_37665,975,1,
34225,10003239,1_37691,979,1,
34231,10003620,1_41610,985,1,
34244,10003811,1_44685,6024,0,
34252,10003810,1_44619,6032,0,
34258,10003812,1_44459,6500,0,
34261,10003811,1_44663,6504,0,
34261,10003812,1_44456,6504,0,
34269,10003812,1_44433,6512,0,
34280,10003812,1_44476,6952,0,
34284,10003812,1_44472,6956,0,
34288,10003812,1_44477,6960,0,
34289,10003811,1_44599,6961,1,
34297,10003772,1_44154,7502,0,
34302,10003722,1_43335,7952,0,
34334,10003891,1_45773,930,0,
34335,10003892,1_45760,931,1,
34336,10003891,1_45784,932,0,
34343,10003895,1_45850,6905,1,
34256,10003812,1_44439,6136,0,
34257,10003812,1_44438,6137,1,
34264,10003811,1_44649,6507,1,
34265,10003811,1_44648,6508,0,
34266,10003812,1_44446,6509,1,
34270,10003812,1_44432,6513,1,
34272,10003812,1_44444,6515,1,
34283,10003811,1_44624,6955,1,
34286,10003812,1_44474,6958,0,
34290,10003811,1_44598,6962,0,
34303,10003722,1_43336,7953,1,
34304,10003722,1_43327,7954,0,
34336,10003884,1_45699,932,0,
34337,10003886,1_45653,933,1,
34340,10003895,1_45853,6902,0,
34341,10003896,1_45833,6903,1,
34343,10003896,1_45831,6905,1,
34352,10003895,1_45841,6914,0,
34353,10003895,1_45854,6915,1,
34387,10003722,1_43328,7021,1,
34625,10003772,1_44174,7617,1,
35182,10003871,1_45571,6708,0,
35191,10003847,1_45559,9707,1,
35198,10003824,1_44871,6020,0,
35205,10003824,1_44887,6027,1,
35211,10003824,1_44884,6033,1,
35212,10003824,1_44885,6034,0,
35223,10003824,1_44896,6128,0,
35224,10003824,1_44897,6129,1,
35234,10003824,1_44909,6315,1,
35241,10003824,1_44915,6322,0,
35246,10003824,1_44939,6611,1,
35257,10003824,1_44950,6624,0,
35262,10003824,1_44958,6715,1,
35266,10003824,1_44962,6723,1,
35284,10003824,1_44971,6952,0,
35288,10003824,1_44984,6956,0,
35305,10003824,1_45008,8318,0,
35306,10003824,1_45001,8319,1,
35314,10003824,1_45010,8327,1,
34346,10003896,1_45836,6908,0,
34350,10003895,1_45843,6912,0,
34351,10003896,1_45823,6913,1,
34354,10003895,1_45838,6916,0,
34354,10003896,1_45855,6916,0,
34390,10003722,1_43331,7024,0,
34391,10003722,1_43332,7025,1,
34626,10003772,1_44173,7618,0,
34628,10003722,1_43425,7724,0,
35174,10003873,1_45547,6700,0,
35175,10003873,1_45545,6701,1,
35177,10003873,1_45544,6703,1,
35178,10003873,1_45543,6704,0,
35180,10003873,1_45540,6706,0,
35184,10003847,1_45566,9700,0,
35210,10003824,1_44883,6032,0,
35215,10003824,1_44879,6120,0,
35225,10003824,1_44907,6130,0,
35248,10003824,1_44940,6615,1,
35250,10003824,1_44942,6617,1,
35253,10003824,1_44945,6620,0,
35265,10003824,1_44961,6720,0,
35271,10003824,1_44967,6732,0,
35275,10003824,1_44980,6740,0,
35278,10003824,1_44974,6747,1,
35291,10003824,1_44987,6959,1,
35295,10003824,1_44991,6963,1,
35297,10003824,1_44992,6965,1,
35299,10003824,1_44994,6967,1,
29953,10003071,1_34380,103,1,
29954,10003071,1_34117,104,0,
29968,10003071,1_34124,118,0,
29977,10003071,1_34368,127,1,
29985,10003071,1_34382,151,1,
29987,10003239,1_37405,153,1,
29992,10003071,1_34103,158,0,
29995,10003071,1_34334,161,1,
29997,10003071,1_34336,163,1,
30024,10003239,1_37295,223,1,
30033,10003239,1_36795,231,1,
30058,10003239,1_37671,254,0,
30071,10003071,1_34367,266,0,
30090,10003805,1_44416,31,1,
30092,10003805,1_44417,33,1,
30116,10003757,1_43910,429,1,
30119,10003587,1_40237,440,0,
30135,10003587,1_40282,455,1,
30137,10003587,1_40253,457,1,
30146,10003587,1_40261,465,1,
30155,10003587,1_40281,473,1,
30161,10003239,1_37718,501,1,
30163,10001918,1_27916,503,1,
30184,10001890,1_26347,522,0,
30187,10001918,1_27918,525,1,
30188,10001890,1_26321,526,0,
30196,10003620,1_41628,533,1,
30285,10001918,1_27353,724,0,
30291,10001928,1_26499,73,1,
30292,10001918,1_27371,730,0,
30298,10001918,1_27372,736,0,
30300,10003587,1_40279,738,0,
30304,10003587,1_40280,741,1,
30320,10001918,1_27336,756,0,
30333,10001918,1_27333,768,0,
30339,10003587,1_40292,773,1,
30340,10003151,1_35431,774,0,
30346,10001928,1_28127,78,0,
30373,10003888,1_45664,901,1,
30374,10003891,1_45781,902,0,
30379,10003888,1_45667,907,1,
30379,10003893,1_45766,907,1,
30384,10003893,1_45769,911,1,
30386,10003888,1_45681,913,1,
30390,10003891,1_45780,916,0,
30391,10003893,1_45768,917,1,
30392,10003884,1_45694,918,0,
30402,10003888,1_45658,925,1,
30403,10003884,1_45690,926,0,
30426,10002042,1_29496,97,1,
30449,10003811,1_44636,6019,1,
30483,10003664,1_42454,6103,1,
30487,10003664,1_42483,6107,1,
30501,10003666,1_42484,6444,0,
30546,10003772,1_44143,7104,0,
30813,10003239,1_36752,18,0,
30814,10003239,1_37698,222,0,
30839,10003697,1_43785,253,1,
30858,10003849,1_45578,303,1,
30861,10003849,1_45589,306,0,
30868,10003849,1_45588,313,1,
30874,10003849,1_45595,320,0,
30883,10003849,1_45604,329,1,
30886,10003849,1_45607,332,0,
30894,10003849,1_45635,340,0,
30898,10003849,1_45639,345,1,
30904,10003619,1_40902,615,1,
30916,10003619,1_40907,627,1,
30929,10003620,1_40966,640,0,
30936,10003619,1_40913,647,1,
30943,10003621,1_40945,654,0,
31019,10001944,1_27599,1440,0,
31032,10003811,1_44671,6324,0,
31042,10003811,1_44643,6618,0,
31050,10003811,1_44574,6626,0,
31053,10003872,1_45549,6629,1,
31054,10003813,1_44451,6630,0,
31089,10003772,1_44102,7612,0,
31745,10003824,1_45012,8615,1,
31747,10003824,1_45014,8617,1,
32456,10003099,1_34896,581,1,
32458,10003099,1_34895,585,1,
32460,10003099,1_34904,589,1,
32465,10003821,1_44518,6121,1,
32473,10003820,1_44530,6129,1,
32476,10003812,1_44441,6132,0,
32478,10003811,1_44676,6134,0,
32478,10003812,1_44440,6134,0,
32498,10003811,1_44600,6719,1,
32502,10003812,1_44493,6727,1,
32508,10003811,1_44572,6739,1,
32511,10003812,1_44658,6744,0,
32519,10003722,1_43361,7125,1,
32689,10003824,1_44903,6135,1,
32690,10003824,1_44927,6326,0,
34154,10003486,1_38667,226,0,
34158,10003697,1_43797,233,1,
34163,10003697,1_43805,248,0,
34170,10003697,1_43779,264,0,
34171,10003697,1_43778,265,1,
34174,10003697,1_43775,272,0,
34175,10003849,1_45574,273,1,
34181,10003849,1_45638,343,1,
34195,10003239,1_37237,586,0,
34197,10003620,1_40961,673,1,
34199,10003874,1_45553,702,0,
34202,10003874,1_45552,705,1,
34217,10003239,1_37661,971,1,
34222,10003239,1_37666,976,0,
34226,10003239,1_37689,980,0,
34230,10003239,1_38158,984,0,
34245,10003811,1_44686,6025,1,
34260,10003811,1_44665,6503,1,
34262,10003811,1_44662,6505,1,
34268,10003812,1_44434,6511,1,
34270,10003811,1_44695,6513,1,
34271,10003811,1_44694,6514,0,
34273,10003812,1_44445,6517,1,
34285,10003812,1_44473,6957,1,
34288,10003811,1_44571,6960,0,
34290,10003812,1_44487,6962,0,
34291,10003811,1_44597,6963,1,
34292,10003812,1_44485,6964,0,
34293,10003811,1_44602,6965,1,
34298,10003772,1_44155,7503,1,
34332,10003239,1_38156,84,0,
34338,10003895,1_45840,6900,0,
34339,10003895,1_45839,6901,1,
34340,10003896,1_45834,6902,0,
34344,10003895,1_45849,6906,0,
34347,10003896,1_45827,6909,1,
34352,10003896,1_45822,6914,0,
34353,10003896,1_45829,6915,1,
34455,10003456,1_38329,45,1,
35182,10003872,1_45548,6708,0,
35183,10003873,1_45550,6709,1,
35186,10003847,1_45564,9702,0,
35202,10003824,1_44875,6024,0,
35207,10003824,1_44880,6029,1,
35213,10003824,1_44886,6035,1,
35220,10003824,1_44893,6125,1,
35221,10003824,1_44894,6126,0,
35228,10003824,1_44901,6133,1,
29952,10003071,1_34116,102,0,
29956,10003071,1_34118,106,0,
29965,10003071,1_34374,115,1,
29974,10003071,1_34104,124,0,
30007,10003071,1_34383,173,1,
30009,10003071,1_34356,175,1,
30010,10003071,1_34113,176,0,
30021,10003456,1_38601,220,0,
30062,10003239,1_37672,258,0,
30072,10003239,1_36754,267,1,
30106,10003752,1_43919,418,0,
30114,10003757,1_43893,425,1,
30122,10003587,1_40239,443,1,
30125,10003587,1_40242,446,0,
30133,10003587,1_40249,453,1,
30139,10003587,1_40255,459,1,
30159,10003849,1_45650,49,1,
30175,10001890,1_26372,514,0,
30179,10001890,1_26349,518,0,
30180,10001918,1_28352,519,1,
30185,10001918,1_27919,523,1,
30246,10001928,1_28042,64,0,
30269,10001928,1_26484,67,1,
30271,10001928,1_26498,69,1,
30275,10001918,1_26670,715,1,
30289,10001918,1_27370,728,0,
30310,10001918,1_26678,747,1,
30324,10001928,1_28041,76,0,
30325,10001918,1_27331,760,0,
30329,10001918,1_27332,764,0,
30344,10003151,1_35429,778,0,
30349,10003558,1_39402,782,0,
30381,10003893,1_45767,909,1,
30385,10003884,1_45701,912,0,
30389,10003888,1_45663,915,1,
30397,10003891,1_45779,920,0,
30415,10003239,1_37693,950,0,
30440,10003031,1_32439,1403,1,
30441,10003337,1_37340,1405,1,
30447,10001951,1_27878,9442,0,
30470,10003665,1_42490,6069,1,
30472,10003665,1_42488,6071,1,
30489,10003664,1_42509,6109,1,
30499,10003666,1_42486,6442,0,
30502,10003666,1_42453,6445,1,
30504,10003666,1_42452,6447,1,
30552,10003772,1_44150,7444,0,
30554,10003772,1_44152,7446,0,
30559,10003722,1_43400,7719,1,
30869,10003849,1_45592,314,0,
30873,10003849,1_45594,319,1,
30877,10003849,1_45598,323,1,
30896,10003849,1_45637,342,0,
30905,10003620,1_40953,616,0,
30931,10003621,1_40941,642,0,
30933,10003620,1_40967,644,0,
30939,10003621,1_40944,650,0,
30947,10003621,1_40946,658,0,
30953,10003620,1_40923,664,0,
30958,10003620,1_40934,669,1,
31020,10003811,1_44679,6312,0,
31025,10003813,1_44545,6317,1,
31029,10003811,1_44655,6321,1,
31034,10003813,1_44565,6326,0,
31036,10003813,1_44563,6329,1,
31037,10003814,1_44567,6611,1,
31038,10003811,1_44647,6613,1,
31038,10003813,1_44544,6613,1,
31039,10003813,1_44537,6615,1,
31042,10003813,1_44540,6618,0,
31044,10003813,1_44542,6620,0,
31045,10003813,1_44543,6621,1,
31047,10003813,1_44562,6623,1,
31053,10003871,1_45651,6629,1,
31114,10003824,1_44926,6505,1,
31119,10003824,1_44931,6510,0,
31121,10003824,1_44933,6512,0,
31122,10003824,1_44934,6513,1,
31242,10003772,1_44146,7107,1,
31746,10003824,1_45013,8616,0,
31759,10003824,1_45026,8629,1,
32427,10003083,1_34445,129,1,
32445,10003099,1_34901,563,1,
32447,10003099,1_34900,565,1,
32448,10003097,1_34819,566,0,
32457,10003097,1_34815,584,0,
32466,10003812,1_44443,6122,0,
32470,10003811,1_44588,6126,0,
32470,10003812,1_44463,6126,0,
32473,10003821,1_44522,6129,1,
32475,10003821,1_44519,6131,1,
32479,10003820,1_44528,6135,1,
32483,10003673,1_42419,6545,1,
32487,10003673,1_42402,6549,1,
32498,10003812,1_44490,6719,1,
32506,10003812,1_44479,6735,1,
32508,10003812,1_44478,6739,1,
32515,10003722,1_43338,7121,1,
32579,10003812,1_44568,6751,1,
32688,10003824,1_44902,6134,0,
34151,10003697,1_43801,221,1,
34165,10003697,1_43784,256,0,
34185,10003239,1_37230,548,0,
34186,10003239,1_37394,549,1,
34206,10003874,1_45536,709,1,
34212,10003239,1_37673,955,1,
34218,10003239,1_37662,972,0,
34240,10003811,1_44681,6020,0,
34248,10003810,1_44622,6028,0,
34255,10003810,1_44607,6036,0,
34263,10003811,1_44650,6506,0,
34280,10003811,1_44594,6952,0,
34287,10003812,1_44475,6959,1,
34295,10003812,1_44465,6967,1,
34301,10003722,1_43334,7951,1,
34348,10003895,1_45845,6910,0,
34349,10003895,1_45844,6911,1,
34357,10003518,1_39995,7902,0,
34359,10003518,1_39997,7904,0,
35172,10003849,1_45493,217,1,
35173,10003849,1_45581,228,0,
35182,10003824,1_44957,6708,0,
35187,10003847,1_45555,9703,1,
35194,10003847,1_45570,9710,0,
35206,10003824,1_44888,6028,0,
35216,10003824,1_44889,6121,1,
35230,10003824,1_44905,6137,1,
35239,10003824,1_44913,6320,0,
35252,10003824,1_44944,6619,1,
35254,10003824,1_44946,6621,1,
35256,10003824,1_44949,6623,1,
35282,10003824,1_44978,6950,0,
35292,10003824,1_44979,6960,0,
35294,10003824,1_44990,6962,0,
35298,10003824,1_44993,6966,0,
35300,10003824,1_44995,8312,0,
35312,10003824,1_45007,8325,1,
35233,10003824,1_44908,6314,0,
35242,10003824,1_44916,6323,1,
35249,10003824,1_44941,6616,0,
35276,10003824,1_44972,6743,1,
35283,10003824,1_44988,6951,1,
35285,10003824,1_44981,6953,1,
35303,10003824,1_44998,8316,0,
29999,10003071,1_34337,165,1,
30004,10003071,1_34110,170,0,
30012,10003071,1_34114,178,0,
30018,10003753,1_43925,20,0,
30059,10003239,1_36760,255,1,
30067,10003239,1_37685,262,0,
30086,10003804,1_44412,28,0,
30123,10003587,1_40240,444,0,
30127,10003587,1_40244,448,0,
30131,10003587,1_40247,451,1,
30132,10003587,1_40248,452,0,
30160,10003697,1_43746,50,0,
30162,10001890,1_26315,502,0,
30174,10001918,1_28337,513,1,
30176,10001918,1_28320,515,1,
30192,10003773,1_44035,53,1,
30198,10003849,1_45643,54,0,
30235,10001928,1_26483,63,1,
30270,10001928,1_28132,68,0,
30276,10001918,1_27352,716,0,
30284,10001918,1_26671,723,1,
30303,10001918,1_27373,740,0,
30306,10001918,1_26677,743,1,
30308,10003587,1_40296,745,1,
30319,10001918,1_26680,755,1,
30334,10003587,1_40291,769,1,
30335,10001928,1_26488,77,1,
30341,10003239,1_37095,775,1,
30352,10001928,1_26491,79,1,
30377,10003893,1_45765,905,1,
30385,10003891,1_45771,912,0,
30388,10003891,1_45778,914,0,
30393,10003169,1_35727,9181,1,
30396,10001928,1_28124,92,0,
30404,10003888,1_45657,927,1,
30404,10003893,1_45756,927,1,
30410,10001896,1_27310,9455,1,
30411,10001896,1_27676,9458,0,
30468,10003665,1_42492,6067,1,
30471,10003665,1_42489,6070,0,
30494,10003664,1_42504,6114,0,
30498,10003666,1_42411,6441,1,
30503,10003666,1_42511,6446,0,
30506,10003666,1_42418,6449,1,
30561,10003722,1_43398,7721,1,
30835,10003697,1_43806,249,1,
30865,10003849,1_45585,310,0,
30866,10003849,1_45586,311,1,
30879,10003849,1_45600,325,1,
30880,10003849,1_45602,326,0,
30888,10003849,1_45580,334,0,
30893,10003849,1_45634,339,1,
30903,10003808,1_44429,614,0,
30907,10003621,1_40947,618,0,
30909,10003620,1_41241,620,0,
30912,10003619,1_40906,623,1,
30920,10003619,1_40909,631,1,
30940,10003619,1_40912,651,1,
30946,10003620,1_40954,657,1,
30954,10003619,1_40925,665,1,
30959,10003621,1_40938,670,0,
30970,10003828,1_45034,687,1,
31024,10003813,1_44536,6316,0,
31027,10003813,1_44547,6319,1,
31028,10003811,1_44654,6320,0,
31035,10003811,1_44668,6327,1,
31035,10003813,1_44564,6327,1,
31048,10003813,1_44448,6624,0,
31051,10003811,1_44575,6627,1,
31054,10003811,1_44577,6630,0,
31116,10003824,1_44929,6507,1,
31118,10003824,1_44938,6509,1,
31291,10003831,1_45037,692,0,
32430,10003239,1_37406,179,1,
32436,10003099,1_34889,547,1,
32459,10003097,1_34814,588,0,
32469,10003820,1_44517,6125,1,
32474,10003812,1_44442,6130,0,
32493,10003673,1_42396,6555,1,
32496,10003812,1_44480,6715,1,
32497,10003811,1_44581,6716,0,
32501,10003811,1_44584,6724,0,
32503,10003812,1_44492,6728,0,
32506,10003811,1_44573,6735,1,
32507,10003811,1_44580,6736,0,
32510,10003812,1_44659,6743,1,
32511,10003811,1_44634,6744,0,
32512,10003811,1_44633,6747,1,
32514,10003722,1_43337,7120,0,
32517,10003722,1_43340,7123,1,
32521,10003518,1_39987,7540,0,
32522,10003518,1_39988,7541,1,
32696,10003824,1_44956,6632,0,
34161,10003697,1_43793,240,0,
34169,10003239,1_36756,263,1,
34180,10003697,1_43790,284,0,
34182,10003620,1_40971,344,0,
34184,10003239,1_36799,534,0,
34203,10003874,1_45541,706,0,
34207,10003874,1_45537,710,0,
34220,10003239,1_37664,974,0,
34228,10003239,1_38153,982,0,
34239,10003874,1_45569,701,1,
34240,10003810,1_44608,6020,0,
34241,10003811,1_44682,6021,1,
34243,10003811,1_44684,6023,1,
34244,10003810,1_44612,6024,0,
34247,10003811,1_44689,6027,1,
34249,10003811,1_44690,6029,1,
34252,10003811,1_44706,6032,0,
34255,10003811,1_44680,6036,0,
34269,10003811,1_44696,6512,0,
34273,10003811,1_44675,6517,1,
34278,10003811,1_44630,6950,0,
34279,10003811,1_44627,6951,1,
34282,10003812,1_44470,6954,0,
34284,10003811,1_44623,6956,0,
34291,10003812,1_44486,6963,1,
34294,10003811,1_44595,6966,0,
34295,10003811,1_44593,6967,1,
34341,10003895,1_45852,6903,1,
34344,10003896,1_45830,6906,0,
34345,10003896,1_45837,6907,1,
34349,10003896,1_45825,6911,1,
35185,10003847,1_45565,9701,1,
35192,10003847,1_45560,9708,0,
35199,10003824,1_44872,6021,1,
35203,10003824,1_44876,6025,1,
35219,10003824,1_44892,6124,0,
35222,10003824,1_44895,6127,1,
35235,10003824,1_44910,6316,0,
35240,10003824,1_44914,6321,1,
35243,10003824,1_44917,6324,0,
35245,10003824,1_44920,6327,1,
35258,10003824,1_44951,6625,1,
35260,10003824,1_44954,6628,0,
35263,10003824,1_44968,6716,0,
35264,10003824,1_44969,6719,1,
35268,10003824,1_44964,6727,1,
35290,10003824,1_44986,6958,0,
35296,10003824,1_44999,6964,0,
35307,10003824,1_45002,8320,0,
29958,10003071,1_34119,108,0,
29964,10003071,1_34122,114,0,
29975,10003071,1_34369,125,1,
29991,10003071,1_34333,157,1,
29993,10003071,1_34339,159,1,
29994,10003071,1_34082,160,0,
30001,10003071,1_34338,167,1,
30014,10003239,1_38133,180,0,
30037,10003239,1_36793,235,1,
30041,10003239,1_36753,239,1,
30049,10003239,1_37669,246,0,
30050,10003239,1_36764,247,1,
30064,10003697,1_43782,26,0,
30089,10003804,1_44413,30,0,
30091,10003804,1_44414,32,0,
30100,10003757,1_43930,401,1,
30104,10003757,1_43928,409,1,
30105,10003757,1_43927,41,1,
30115,10003752,1_43922,426,0,
30142,10003587,1_40257,461,1,
30153,10003587,1_40267,471,1,
30156,10003849,1_45645,474,0,
30169,10001918,1_27917,509,1,
30170,10003697,1_43745,51,1,
30173,10001890,1_26320,512,0,
30197,10003239,1_37681,535,1,
30264,10001928,1_28131,66,0,
30283,10003587,1_40272,722,0,
30288,10001918,1_26666,727,1,
30295,10003587,1_40276,733,1,
30302,10001928,1_28040,74,0,
30321,10003575,1_39895,757,1,
30327,10003587,1_40288,762,0,
30330,10003587,1_40289,765,1,
30337,10001918,1_26675,771,1,
30338,10003239,1_37238,772,0,
30343,10003636,1_41612,777,1,
30350,10003239,1_37120,783,1,
30351,10003556,1_39406,784,0,
30354,10001928,1_26492,81,1,
30361,10003751,1_43921,838,0,
30374,10003884,1_45696,902,0,
30384,10003888,1_45682,911,1,
30390,10003884,1_45695,916,0,
30397,10003884,1_45693,920,0,
30398,10003888,1_45660,921,1,
30398,10003893,1_45759,921,1,
30405,10003891,1_45774,928,0,
30406,10003892,1_45754,929,1,
30474,10003665,1_42498,6073,1,
30484,10003664,1_42466,6104,0,
30492,10003664,1_42506,6112,0,
30497,10003666,1_42412,6440,0,
30505,10003666,1_42450,6448,0,
30508,10003666,1_42416,6451,1,
30510,10003666,1_42414,6453,1,
30512,10003666,1_42413,6455,1,
30545,10003772,1_44142,7103,1,
30551,10003772,1_44149,7443,1,
30560,10003722,1_43399,7720,0,
30857,10003849,1_45577,302,0,
30863,10003849,1_45583,308,0,
30876,10003849,1_45597,322,0,
30889,10003849,1_45591,335,1,
30891,10003849,1_45631,337,1,
30895,10003849,1_45636,341,1,
30908,10003619,1_40904,619,1,
30914,10003619,1_40911,625,1,
30938,10003619,1_40899,649,1,
30944,10003619,1_40898,655,1,
30961,10003620,1_40935,672,0,
30966,10003620,1_40957,679,1,
30967,10003620,1_40958,680,0,
30971,10003620,1_40960,688,0,
31021,10003822,1_44638,6313,1,
31023,10003813,1_44500,6315,1,
31024,10003811,1_44700,6316,0,
31025,10003811,1_44651,6317,1,
31026,10003811,1_44652,6318,0,
31032,10003813,1_44552,6324,0,
31041,10003813,1_44539,6617,1,
31044,10003811,1_44645,6620,0,
31051,10003813,1_44453,6627,1,
31090,10003772,1_44101,7613,1,
31125,10003824,1_44937,6517,1,
32431,10003620,1_41627,181,1,
32438,10003099,1_34892,551,1,
32439,10003097,1_34835,554,0,
32453,10003097,1_34817,576,0,
32455,10003097,1_34816,580,0,
32471,10003821,1_44523,6127,1,
32479,10003821,1_44520,6135,1,
32481,10003673,1_42393,6543,1,
32488,10003673,1_42401,6550,0,
32491,10003673,1_42398,6553,1,
32495,10003673,1_42394,6557,1,
32504,10003811,1_44587,6731,1,
32510,10003811,1_44635,6743,1,
32524,10003518,1_39990,7543,1,
33541,10002166,1_31073,713,1,
34157,10003697,1_43798,232,0,
34177,10003239,1_36787,277,1,
34183,10003620,1_40964,349,1,
34187,10003239,1_37231,552,0,
34191,10003239,1_37235,578,0,
34209,10003239,1_37676,952,0,
34210,10003239,1_37692,953,1,
34216,10003239,1_37660,970,0,
34227,10003239,1_38154,981,1,
34232,10003239,1_37688,986,0,
34243,10003810,1_44611,6023,1,
34246,10003811,1_44687,6026,0,
34247,10003810,1_44615,6027,1,
34248,10003811,1_44702,6028,0,
34250,10003811,1_44691,6030,0,
34251,10003810,1_44618,6031,1,
34253,10003810,1_44620,6033,1,
34254,10003811,1_44703,6035,1,
34259,10003812,1_44458,6502,0,
34262,10003812,1_44462,6505,1,
34264,10003812,1_44461,6507,1,
34278,10003812,1_44466,6950,0,
34292,10003811,1_44596,6964,0,
34293,10003812,1_44484,6965,1,
34294,10003812,1_44483,6966,0,
34300,10003722,1_43333,7950,0,
34305,10003722,1_43326,7955,1,
34338,10003896,1_45828,6900,0,
34345,10003895,1_45846,6907,1,
34346,10003895,1_45848,6908,0,
34350,10003896,1_45824,6912,0,
34389,10003722,1_43330,7023,1,
34627,10003722,1_43424,7723,1,
35190,10003847,1_45558,9706,0,
35196,10003831,1_45038,687,1,
35197,10003824,1_44870,6019,1,
35209,10003824,1_44882,6031,1,
35214,10003824,1_44878,6036,0,
35217,10003824,1_44899,6122,0,
35218,10003824,1_44891,6123,1,
35226,10003824,1_44890,6131,1,
35227,10003824,1_44900,6132,0,
35229,10003824,1_44904,6136,0,
29951,10003071,1_34381,101,1,
29959,10003071,1_34377,109,1,
29962,10003071,1_34121,112,0,
29966,10003071,1_34123,116,0,
29970,10003071,1_34105,120,0,
29984,10003484,1_38664,149,1,
29989,10003071,1_34332,155,1,
30031,10003757,1_43895,23,1,
30036,10003071,1_34360,234,0,
30046,10003239,1_36766,243,1,
30053,10003757,1_43898,25,1,
30054,10003239,1_37670,250,0,
30075,10003757,1_43900,27,1,
30076,10003071,1_34366,270,0,
30103,10003752,1_43918,406,0,
30108,10003697,1_43736,42,0,
30113,10003752,1_43913,424,0,
30128,10003587,1_40245,449,1,
30130,10003587,1_40246,450,0,
30140,10003697,1_43749,46,0,
30141,10003587,1_40256,460,0,
30145,10003587,1_40260,464,0,
30148,10003587,1_40263,467,1,
30164,10001890,1_26317,504,0,
30166,10001890,1_26316,506,0,
30178,10001918,1_28319,517,1,
30186,10001890,1_26335,524,0,
30189,10001918,1_27944,527,1,
30199,10003831,1_45039,56,0,
30274,10001928,1_26497,71,1,
30277,10003587,1_40269,717,1,
30278,10003587,1_40270,718,0,
30296,10003587,1_40277,734,0,
30297,10001918,1_26668,735,1,
30299,10003587,1_40278,737,1,
30301,10001918,1_26669,739,1,
30307,10001918,1_27334,744,0,
30311,10001918,1_27335,748,0,
30312,10003575,1_39893,749,1,
30315,10001918,1_26679,751,1,
30316,10001918,1_27337,752,0,
30326,10003587,1_40287,761,1,
30331,10003587,1_40290,766,0,
30353,10001928,1_28126,80,0,
30355,10001928,1_28125,82,0,
30358,10003751,1_43903,831,1,
30369,10001928,1_28122,88,0,
30370,10001928,1_26515,89,1,
30372,10003884,1_45687,900,0,
30375,10003888,1_45665,903,1,
30376,10003891,1_45782,904,0,
30380,10003891,1_45770,908,0,
30383,10003884,1_45700,910,0,
30400,10003893,1_45758,923,1,
30402,10003893,1_45757,925,1,
30413,10001896,1_27308,9471,1,
30424,10001928,1_28129,96,0,
30449,10003810,1_44606,6019,1,
30463,10003810,1_44621,6034,0,
30464,10003665,1_42496,6063,1,
30465,10003665,1_42495,6064,0,
30466,10003665,1_42494,6065,1,
30469,10003665,1_42491,6068,0,
30473,10003665,1_42497,6072,0,
30477,10003665,1_42499,6076,0,
30479,10003665,1_42500,6078,0,
30480,10003664,1_42457,6100,0,
30481,10003664,1_42456,6101,1,
30482,10003664,1_42455,6102,0,
30488,10003664,1_42510,6108,0,
30490,10003664,1_42508,6110,0,
30493,10003664,1_42505,6113,1,
30500,10003666,1_42485,6443,1,
30511,10003666,1_42410,6454,0,
30543,10003772,1_44159,7101,1,
30544,10003772,1_44157,7102,0,
30867,10003849,1_45587,312,0,
30872,10003849,1_45609,318,0,
30881,10003849,1_45610,327,1,
30902,10003620,1_40965,613,1,
30915,10003621,1_40949,626,0,
30926,10003619,1_40900,637,1,
30930,10003619,1_40931,641,1,
30935,10003621,1_40942,646,0,
30945,10003620,1_40970,656,0,
30950,10003622,1_41050,661,1,
30955,10003621,1_40937,666,0,
30957,10003620,1_40933,668,0,
30968,10003620,1_40959,683,1,
31020,10003813,1_44498,6312,0,
31026,10003813,1_44546,6318,0,
31029,10003813,1_44549,6321,1,
31031,10003813,1_44551,6323,1,
31036,10003811,1_44667,6329,1,
31041,10003811,1_44642,6617,1,
31043,10003811,1_44644,6619,1,
31055,10003811,1_44578,6632,0,
31091,10003772,1_44082,7614,0,
31111,10003824,1_44923,6502,0,
31117,10003824,1_44930,6508,0,
31750,10003824,1_45017,8620,0,
